{
 "cells": [
  {
   "cell_type": "markdown",
   "source": [],
   "metadata": {
    "collapsed": false
   }
  },
  {
   "cell_type": "code",
   "execution_count": 1,
   "metadata": {
    "ExecuteTime": {
     "end_time": "2025-06-06T03:29:22.242600900Z",
     "start_time": "2025-06-06T03:29:22.240090400Z"
    }
   },
   "outputs": [],
   "source": [
    "import pandas as pd"
   ]
  },
  {
   "cell_type": "code",
   "execution_count": 2,
   "metadata": {
    "ExecuteTime": {
     "end_time": "2025-06-06T03:29:22.276258Z",
     "start_time": "2025-06-06T03:29:22.242600900Z"
    }
   },
   "outputs": [
    {
     "data": {
      "text/plain": "        CRIM    ZN  INDUS  CHAS    NOX     RM   AGE     DIS  RAD  TAX  \\\n0    0.00632  18.0   2.31   0.0  0.538  6.575  65.2  4.0900    1  296   \n1    0.02731   0.0   7.07   0.0  0.469  6.421  78.9  4.9671    2  242   \n2    0.02729   0.0   7.07   0.0  0.469  7.185  61.1  4.9671    2  242   \n3    0.03237   0.0   2.18   0.0  0.458  6.998  45.8  6.0622    3  222   \n4    0.06905   0.0   2.18   0.0  0.458  7.147  54.2  6.0622    3  222   \n..       ...   ...    ...   ...    ...    ...   ...     ...  ...  ...   \n501  0.06263   0.0  11.93   0.0  0.573  6.593  69.1  2.4786    1  273   \n502  0.04527   0.0  11.93   0.0  0.573  6.120  76.7  2.2875    1  273   \n503  0.06076   0.0  11.93   0.0  0.573  6.976  91.0  2.1675    1  273   \n504  0.10959   0.0  11.93   0.0  0.573  6.794  89.3  2.3889    1  273   \n505  0.04741   0.0  11.93   0.0  0.573  6.030   NaN  2.5050    1  273   \n\n     PTRATIO       B  LSTAT  MEDV  \n0       15.3  396.90   4.98  24.0  \n1       17.8  396.90   9.14  21.6  \n2       17.8  392.83   4.03  34.7  \n3       18.7  394.63   2.94  33.4  \n4       18.7  396.90    NaN  36.2  \n..       ...     ...    ...   ...  \n501     21.0  391.99    NaN  22.4  \n502     21.0  396.90   9.08  20.6  \n503     21.0  396.90   5.64  23.9  \n504     21.0  393.45   6.48  22.0  \n505     21.0  396.90   7.88  11.9  \n\n[506 rows x 14 columns]",
      "text/html": "<div>\n<style scoped>\n    .dataframe tbody tr th:only-of-type {\n        vertical-align: middle;\n    }\n\n    .dataframe tbody tr th {\n        vertical-align: top;\n    }\n\n    .dataframe thead th {\n        text-align: right;\n    }\n</style>\n<table border=\"1\" class=\"dataframe\">\n  <thead>\n    <tr style=\"text-align: right;\">\n      <th></th>\n      <th>CRIM</th>\n      <th>ZN</th>\n      <th>INDUS</th>\n      <th>CHAS</th>\n      <th>NOX</th>\n      <th>RM</th>\n      <th>AGE</th>\n      <th>DIS</th>\n      <th>RAD</th>\n      <th>TAX</th>\n      <th>PTRATIO</th>\n      <th>B</th>\n      <th>LSTAT</th>\n      <th>MEDV</th>\n    </tr>\n  </thead>\n  <tbody>\n    <tr>\n      <th>0</th>\n      <td>0.00632</td>\n      <td>18.0</td>\n      <td>2.31</td>\n      <td>0.0</td>\n      <td>0.538</td>\n      <td>6.575</td>\n      <td>65.2</td>\n      <td>4.0900</td>\n      <td>1</td>\n      <td>296</td>\n      <td>15.3</td>\n      <td>396.90</td>\n      <td>4.98</td>\n      <td>24.0</td>\n    </tr>\n    <tr>\n      <th>1</th>\n      <td>0.02731</td>\n      <td>0.0</td>\n      <td>7.07</td>\n      <td>0.0</td>\n      <td>0.469</td>\n      <td>6.421</td>\n      <td>78.9</td>\n      <td>4.9671</td>\n      <td>2</td>\n      <td>242</td>\n      <td>17.8</td>\n      <td>396.90</td>\n      <td>9.14</td>\n      <td>21.6</td>\n    </tr>\n    <tr>\n      <th>2</th>\n      <td>0.02729</td>\n      <td>0.0</td>\n      <td>7.07</td>\n      <td>0.0</td>\n      <td>0.469</td>\n      <td>7.185</td>\n      <td>61.1</td>\n      <td>4.9671</td>\n      <td>2</td>\n      <td>242</td>\n      <td>17.8</td>\n      <td>392.83</td>\n      <td>4.03</td>\n      <td>34.7</td>\n    </tr>\n    <tr>\n      <th>3</th>\n      <td>0.03237</td>\n      <td>0.0</td>\n      <td>2.18</td>\n      <td>0.0</td>\n      <td>0.458</td>\n      <td>6.998</td>\n      <td>45.8</td>\n      <td>6.0622</td>\n      <td>3</td>\n      <td>222</td>\n      <td>18.7</td>\n      <td>394.63</td>\n      <td>2.94</td>\n      <td>33.4</td>\n    </tr>\n    <tr>\n      <th>4</th>\n      <td>0.06905</td>\n      <td>0.0</td>\n      <td>2.18</td>\n      <td>0.0</td>\n      <td>0.458</td>\n      <td>7.147</td>\n      <td>54.2</td>\n      <td>6.0622</td>\n      <td>3</td>\n      <td>222</td>\n      <td>18.7</td>\n      <td>396.90</td>\n      <td>NaN</td>\n      <td>36.2</td>\n    </tr>\n    <tr>\n      <th>...</th>\n      <td>...</td>\n      <td>...</td>\n      <td>...</td>\n      <td>...</td>\n      <td>...</td>\n      <td>...</td>\n      <td>...</td>\n      <td>...</td>\n      <td>...</td>\n      <td>...</td>\n      <td>...</td>\n      <td>...</td>\n      <td>...</td>\n      <td>...</td>\n    </tr>\n    <tr>\n      <th>501</th>\n      <td>0.06263</td>\n      <td>0.0</td>\n      <td>11.93</td>\n      <td>0.0</td>\n      <td>0.573</td>\n      <td>6.593</td>\n      <td>69.1</td>\n      <td>2.4786</td>\n      <td>1</td>\n      <td>273</td>\n      <td>21.0</td>\n      <td>391.99</td>\n      <td>NaN</td>\n      <td>22.4</td>\n    </tr>\n    <tr>\n      <th>502</th>\n      <td>0.04527</td>\n      <td>0.0</td>\n      <td>11.93</td>\n      <td>0.0</td>\n      <td>0.573</td>\n      <td>6.120</td>\n      <td>76.7</td>\n      <td>2.2875</td>\n      <td>1</td>\n      <td>273</td>\n      <td>21.0</td>\n      <td>396.90</td>\n      <td>9.08</td>\n      <td>20.6</td>\n    </tr>\n    <tr>\n      <th>503</th>\n      <td>0.06076</td>\n      <td>0.0</td>\n      <td>11.93</td>\n      <td>0.0</td>\n      <td>0.573</td>\n      <td>6.976</td>\n      <td>91.0</td>\n      <td>2.1675</td>\n      <td>1</td>\n      <td>273</td>\n      <td>21.0</td>\n      <td>396.90</td>\n      <td>5.64</td>\n      <td>23.9</td>\n    </tr>\n    <tr>\n      <th>504</th>\n      <td>0.10959</td>\n      <td>0.0</td>\n      <td>11.93</td>\n      <td>0.0</td>\n      <td>0.573</td>\n      <td>6.794</td>\n      <td>89.3</td>\n      <td>2.3889</td>\n      <td>1</td>\n      <td>273</td>\n      <td>21.0</td>\n      <td>393.45</td>\n      <td>6.48</td>\n      <td>22.0</td>\n    </tr>\n    <tr>\n      <th>505</th>\n      <td>0.04741</td>\n      <td>0.0</td>\n      <td>11.93</td>\n      <td>0.0</td>\n      <td>0.573</td>\n      <td>6.030</td>\n      <td>NaN</td>\n      <td>2.5050</td>\n      <td>1</td>\n      <td>273</td>\n      <td>21.0</td>\n      <td>396.90</td>\n      <td>7.88</td>\n      <td>11.9</td>\n    </tr>\n  </tbody>\n</table>\n<p>506 rows × 14 columns</p>\n</div>"
     },
     "execution_count": 2,
     "metadata": {},
     "output_type": "execute_result"
    }
   ],
   "source": [
    "data = pd.read_csv('housingData.csv',sep=\",\") #sep表示以什么分割，\n",
    "data"
   ]
  },
  {
   "cell_type": "code",
   "execution_count": 3,
   "metadata": {
    "ExecuteTime": {
     "end_time": "2025-06-06T03:29:22.276258Z",
     "start_time": "2025-06-06T03:29:22.269657800Z"
    }
   },
   "outputs": [],
   "source": [
    "# 检查缺失值\n",
    "# missing_values = data.isnull().sum()\n",
    "# \n",
    "# # 显示每列的缺失值数量\n",
    "# print(missing_values)"
   ]
  },
  {
   "cell_type": "code",
   "execution_count": 4,
   "metadata": {
    "ExecuteTime": {
     "end_time": "2025-06-06T03:29:22.294789800Z",
     "start_time": "2025-06-06T03:29:22.273147Z"
    }
   },
   "outputs": [
    {
     "data": {
      "text/plain": "             CRIM          ZN       INDUS        CHAS         NOX          RM  \\\ncount  486.000000  486.000000  486.000000  486.000000  506.000000  506.000000   \nmean     3.611874   11.211934   11.083992    0.069959    0.554695    6.284634   \nstd      8.720192   23.388876    6.835896    0.255340    0.115878    0.702617   \nmin      0.006320    0.000000    0.460000    0.000000    0.385000    3.561000   \n25%      0.081900    0.000000    5.190000    0.000000    0.449000    5.885500   \n50%      0.253715    0.000000    9.690000    0.000000    0.538000    6.208500   \n75%      3.560263   12.500000   18.100000    0.000000    0.624000    6.623500   \nmax     88.976200  100.000000   27.740000    1.000000    0.871000    8.780000   \n\n              AGE         DIS         RAD         TAX     PTRATIO           B  \\\ncount  486.000000  506.000000  506.000000  506.000000  506.000000  506.000000   \nmean    68.518519    3.795043    9.549407  408.237154   18.455534  356.674032   \nstd     27.999513    2.105710    8.707259  168.537116    2.164946   91.294864   \nmin      2.900000    1.129600    1.000000  187.000000   12.600000    0.320000   \n25%     45.175000    2.100175    4.000000  279.000000   17.400000  375.377500   \n50%     76.800000    3.207450    5.000000  330.000000   19.050000  391.440000   \n75%     93.975000    5.188425   24.000000  666.000000   20.200000  396.225000   \nmax    100.000000   12.126500   24.000000  711.000000   22.000000  396.900000   \n\n            LSTAT        MEDV  \ncount  486.000000  506.000000  \nmean    12.715432   22.532806  \nstd      7.155871    9.197104  \nmin      1.730000    5.000000  \n25%      7.125000   17.025000  \n50%     11.430000   21.200000  \n75%     16.955000   25.000000  \nmax     37.970000   50.000000  ",
      "text/html": "<div>\n<style scoped>\n    .dataframe tbody tr th:only-of-type {\n        vertical-align: middle;\n    }\n\n    .dataframe tbody tr th {\n        vertical-align: top;\n    }\n\n    .dataframe thead th {\n        text-align: right;\n    }\n</style>\n<table border=\"1\" class=\"dataframe\">\n  <thead>\n    <tr style=\"text-align: right;\">\n      <th></th>\n      <th>CRIM</th>\n      <th>ZN</th>\n      <th>INDUS</th>\n      <th>CHAS</th>\n      <th>NOX</th>\n      <th>RM</th>\n      <th>AGE</th>\n      <th>DIS</th>\n      <th>RAD</th>\n      <th>TAX</th>\n      <th>PTRATIO</th>\n      <th>B</th>\n      <th>LSTAT</th>\n      <th>MEDV</th>\n    </tr>\n  </thead>\n  <tbody>\n    <tr>\n      <th>count</th>\n      <td>486.000000</td>\n      <td>486.000000</td>\n      <td>486.000000</td>\n      <td>486.000000</td>\n      <td>506.000000</td>\n      <td>506.000000</td>\n      <td>486.000000</td>\n      <td>506.000000</td>\n      <td>506.000000</td>\n      <td>506.000000</td>\n      <td>506.000000</td>\n      <td>506.000000</td>\n      <td>486.000000</td>\n      <td>506.000000</td>\n    </tr>\n    <tr>\n      <th>mean</th>\n      <td>3.611874</td>\n      <td>11.211934</td>\n      <td>11.083992</td>\n      <td>0.069959</td>\n      <td>0.554695</td>\n      <td>6.284634</td>\n      <td>68.518519</td>\n      <td>3.795043</td>\n      <td>9.549407</td>\n      <td>408.237154</td>\n      <td>18.455534</td>\n      <td>356.674032</td>\n      <td>12.715432</td>\n      <td>22.532806</td>\n    </tr>\n    <tr>\n      <th>std</th>\n      <td>8.720192</td>\n      <td>23.388876</td>\n      <td>6.835896</td>\n      <td>0.255340</td>\n      <td>0.115878</td>\n      <td>0.702617</td>\n      <td>27.999513</td>\n      <td>2.105710</td>\n      <td>8.707259</td>\n      <td>168.537116</td>\n      <td>2.164946</td>\n      <td>91.294864</td>\n      <td>7.155871</td>\n      <td>9.197104</td>\n    </tr>\n    <tr>\n      <th>min</th>\n      <td>0.006320</td>\n      <td>0.000000</td>\n      <td>0.460000</td>\n      <td>0.000000</td>\n      <td>0.385000</td>\n      <td>3.561000</td>\n      <td>2.900000</td>\n      <td>1.129600</td>\n      <td>1.000000</td>\n      <td>187.000000</td>\n      <td>12.600000</td>\n      <td>0.320000</td>\n      <td>1.730000</td>\n      <td>5.000000</td>\n    </tr>\n    <tr>\n      <th>25%</th>\n      <td>0.081900</td>\n      <td>0.000000</td>\n      <td>5.190000</td>\n      <td>0.000000</td>\n      <td>0.449000</td>\n      <td>5.885500</td>\n      <td>45.175000</td>\n      <td>2.100175</td>\n      <td>4.000000</td>\n      <td>279.000000</td>\n      <td>17.400000</td>\n      <td>375.377500</td>\n      <td>7.125000</td>\n      <td>17.025000</td>\n    </tr>\n    <tr>\n      <th>50%</th>\n      <td>0.253715</td>\n      <td>0.000000</td>\n      <td>9.690000</td>\n      <td>0.000000</td>\n      <td>0.538000</td>\n      <td>6.208500</td>\n      <td>76.800000</td>\n      <td>3.207450</td>\n      <td>5.000000</td>\n      <td>330.000000</td>\n      <td>19.050000</td>\n      <td>391.440000</td>\n      <td>11.430000</td>\n      <td>21.200000</td>\n    </tr>\n    <tr>\n      <th>75%</th>\n      <td>3.560263</td>\n      <td>12.500000</td>\n      <td>18.100000</td>\n      <td>0.000000</td>\n      <td>0.624000</td>\n      <td>6.623500</td>\n      <td>93.975000</td>\n      <td>5.188425</td>\n      <td>24.000000</td>\n      <td>666.000000</td>\n      <td>20.200000</td>\n      <td>396.225000</td>\n      <td>16.955000</td>\n      <td>25.000000</td>\n    </tr>\n    <tr>\n      <th>max</th>\n      <td>88.976200</td>\n      <td>100.000000</td>\n      <td>27.740000</td>\n      <td>1.000000</td>\n      <td>0.871000</td>\n      <td>8.780000</td>\n      <td>100.000000</td>\n      <td>12.126500</td>\n      <td>24.000000</td>\n      <td>711.000000</td>\n      <td>22.000000</td>\n      <td>396.900000</td>\n      <td>37.970000</td>\n      <td>50.000000</td>\n    </tr>\n  </tbody>\n</table>\n</div>"
     },
     "execution_count": 4,
     "metadata": {},
     "output_type": "execute_result"
    }
   ],
   "source": [
    "data.describe()"
   ]
  },
  {
   "cell_type": "code",
   "execution_count": 5,
   "outputs": [],
   "source": [
    "data = data.apply(pd.to_numeric, errors='coerce')"
   ],
   "metadata": {
    "collapsed": false,
    "ExecuteTime": {
     "end_time": "2025-06-06T03:29:22.311821Z",
     "start_time": "2025-06-06T03:29:22.293783400Z"
    }
   }
  },
  {
   "cell_type": "code",
   "execution_count": 6,
   "metadata": {
    "ExecuteTime": {
     "end_time": "2025-06-06T03:29:22.343900Z",
     "start_time": "2025-06-06T03:29:22.300303300Z"
    }
   },
   "outputs": [
    {
     "name": "stdout",
     "output_type": "stream",
     "text": [
      "房价最大值: 50.0\n",
      "房价最低值: 5.0\n",
      "房价平均值: 22.532806324110677\n"
     ]
    }
   ],
   "source": [
    "print(\"房价最大值:\",data['MEDV'].max())\n",
    "print(\"房价最低值:\",data['MEDV'].min())\n",
    "print(\"房价平均值:\",data['MEDV'].mean())"
   ]
  },
  {
   "cell_type": "code",
   "execution_count": 7,
   "metadata": {
    "ExecuteTime": {
     "end_time": "2025-06-06T03:29:22.415959100Z",
     "start_time": "2025-06-06T03:29:22.306822900Z"
    }
   },
   "outputs": [
    {
     "data": {
      "text/plain": "             CRIM        ZN     INDUS      CHAS       NOX        RM       AGE  \\\nCRIM     1.000000 -0.191178  0.401863 -0.054355  0.417130 -0.219150  0.354342   \nZN      -0.191178  1.000000 -0.531871 -0.037229 -0.513704  0.320800 -0.563801   \nINDUS    0.401863 -0.531871  1.000000  0.059859  0.764866 -0.390234  0.638431   \nCHAS    -0.054355 -0.037229  0.059859  1.000000  0.075097  0.104885  0.078831   \nNOX      0.417130 -0.513704  0.764866  0.075097  1.000000 -0.302188  0.731548   \nRM      -0.219150  0.320800 -0.390234  0.104885 -0.302188  1.000000 -0.247337   \nAGE      0.354342 -0.563801  0.638431  0.078831  0.731548 -0.247337  1.000000   \nDIS     -0.374166  0.656739 -0.711709 -0.093971 -0.769230  0.205246 -0.744844   \nRAD      0.624765 -0.310919  0.604533  0.001468  0.611441 -0.209847  0.458349   \nTAX      0.580595 -0.312371  0.731055 -0.032304  0.668023 -0.292048  0.509114   \nPTRATIO  0.281110 -0.414046  0.390954 -0.111304  0.188933 -0.355501  0.269226   \nB       -0.381411  0.171303 -0.360532  0.051264 -0.380051  0.128069 -0.275303   \nLSTAT    0.444943 -0.414193  0.590690 -0.047424  0.582641 -0.614339  0.602891   \nMEDV    -0.391363  0.373136 -0.481772  0.181391 -0.427321  0.695360 -0.394656   \n\n              DIS       RAD       TAX   PTRATIO         B     LSTAT      MEDV  \nCRIM    -0.374166  0.624765  0.580595  0.281110 -0.381411  0.444943 -0.391363  \nZN       0.656739 -0.310919 -0.312371 -0.414046  0.171303 -0.414193  0.373136  \nINDUS   -0.711709  0.604533  0.731055  0.390954 -0.360532  0.590690 -0.481772  \nCHAS    -0.093971  0.001468 -0.032304 -0.111304  0.051264 -0.047424  0.181391  \nNOX     -0.769230  0.611441  0.668023  0.188933 -0.380051  0.582641 -0.427321  \nRM       0.205246 -0.209847 -0.292048 -0.355501  0.128069 -0.614339  0.695360  \nAGE     -0.744844  0.458349  0.509114  0.269226 -0.275303  0.602891 -0.394656  \nDIS      1.000000 -0.494588 -0.534432 -0.232471  0.291512 -0.493328  0.249929  \nRAD     -0.494588  1.000000  0.910228  0.464741 -0.444413  0.479541 -0.381626  \nTAX     -0.534432  0.910228  1.000000  0.460853 -0.441808  0.536110 -0.468536  \nPTRATIO -0.232471  0.464741  0.460853  1.000000 -0.177383  0.375966 -0.507787  \nB        0.291512 -0.444413 -0.441808 -0.177383  1.000000 -0.369889  0.333461  \nLSTAT   -0.493328  0.479541  0.536110  0.375966 -0.369889  1.000000 -0.735822  \nMEDV     0.249929 -0.381626 -0.468536 -0.507787  0.333461 -0.735822  1.000000  ",
      "text/html": "<div>\n<style scoped>\n    .dataframe tbody tr th:only-of-type {\n        vertical-align: middle;\n    }\n\n    .dataframe tbody tr th {\n        vertical-align: top;\n    }\n\n    .dataframe thead th {\n        text-align: right;\n    }\n</style>\n<table border=\"1\" class=\"dataframe\">\n  <thead>\n    <tr style=\"text-align: right;\">\n      <th></th>\n      <th>CRIM</th>\n      <th>ZN</th>\n      <th>INDUS</th>\n      <th>CHAS</th>\n      <th>NOX</th>\n      <th>RM</th>\n      <th>AGE</th>\n      <th>DIS</th>\n      <th>RAD</th>\n      <th>TAX</th>\n      <th>PTRATIO</th>\n      <th>B</th>\n      <th>LSTAT</th>\n      <th>MEDV</th>\n    </tr>\n  </thead>\n  <tbody>\n    <tr>\n      <th>CRIM</th>\n      <td>1.000000</td>\n      <td>-0.191178</td>\n      <td>0.401863</td>\n      <td>-0.054355</td>\n      <td>0.417130</td>\n      <td>-0.219150</td>\n      <td>0.354342</td>\n      <td>-0.374166</td>\n      <td>0.624765</td>\n      <td>0.580595</td>\n      <td>0.281110</td>\n      <td>-0.381411</td>\n      <td>0.444943</td>\n      <td>-0.391363</td>\n    </tr>\n    <tr>\n      <th>ZN</th>\n      <td>-0.191178</td>\n      <td>1.000000</td>\n      <td>-0.531871</td>\n      <td>-0.037229</td>\n      <td>-0.513704</td>\n      <td>0.320800</td>\n      <td>-0.563801</td>\n      <td>0.656739</td>\n      <td>-0.310919</td>\n      <td>-0.312371</td>\n      <td>-0.414046</td>\n      <td>0.171303</td>\n      <td>-0.414193</td>\n      <td>0.373136</td>\n    </tr>\n    <tr>\n      <th>INDUS</th>\n      <td>0.401863</td>\n      <td>-0.531871</td>\n      <td>1.000000</td>\n      <td>0.059859</td>\n      <td>0.764866</td>\n      <td>-0.390234</td>\n      <td>0.638431</td>\n      <td>-0.711709</td>\n      <td>0.604533</td>\n      <td>0.731055</td>\n      <td>0.390954</td>\n      <td>-0.360532</td>\n      <td>0.590690</td>\n      <td>-0.481772</td>\n    </tr>\n    <tr>\n      <th>CHAS</th>\n      <td>-0.054355</td>\n      <td>-0.037229</td>\n      <td>0.059859</td>\n      <td>1.000000</td>\n      <td>0.075097</td>\n      <td>0.104885</td>\n      <td>0.078831</td>\n      <td>-0.093971</td>\n      <td>0.001468</td>\n      <td>-0.032304</td>\n      <td>-0.111304</td>\n      <td>0.051264</td>\n      <td>-0.047424</td>\n      <td>0.181391</td>\n    </tr>\n    <tr>\n      <th>NOX</th>\n      <td>0.417130</td>\n      <td>-0.513704</td>\n      <td>0.764866</td>\n      <td>0.075097</td>\n      <td>1.000000</td>\n      <td>-0.302188</td>\n      <td>0.731548</td>\n      <td>-0.769230</td>\n      <td>0.611441</td>\n      <td>0.668023</td>\n      <td>0.188933</td>\n      <td>-0.380051</td>\n      <td>0.582641</td>\n      <td>-0.427321</td>\n    </tr>\n    <tr>\n      <th>RM</th>\n      <td>-0.219150</td>\n      <td>0.320800</td>\n      <td>-0.390234</td>\n      <td>0.104885</td>\n      <td>-0.302188</td>\n      <td>1.000000</td>\n      <td>-0.247337</td>\n      <td>0.205246</td>\n      <td>-0.209847</td>\n      <td>-0.292048</td>\n      <td>-0.355501</td>\n      <td>0.128069</td>\n      <td>-0.614339</td>\n      <td>0.695360</td>\n    </tr>\n    <tr>\n      <th>AGE</th>\n      <td>0.354342</td>\n      <td>-0.563801</td>\n      <td>0.638431</td>\n      <td>0.078831</td>\n      <td>0.731548</td>\n      <td>-0.247337</td>\n      <td>1.000000</td>\n      <td>-0.744844</td>\n      <td>0.458349</td>\n      <td>0.509114</td>\n      <td>0.269226</td>\n      <td>-0.275303</td>\n      <td>0.602891</td>\n      <td>-0.394656</td>\n    </tr>\n    <tr>\n      <th>DIS</th>\n      <td>-0.374166</td>\n      <td>0.656739</td>\n      <td>-0.711709</td>\n      <td>-0.093971</td>\n      <td>-0.769230</td>\n      <td>0.205246</td>\n      <td>-0.744844</td>\n      <td>1.000000</td>\n      <td>-0.494588</td>\n      <td>-0.534432</td>\n      <td>-0.232471</td>\n      <td>0.291512</td>\n      <td>-0.493328</td>\n      <td>0.249929</td>\n    </tr>\n    <tr>\n      <th>RAD</th>\n      <td>0.624765</td>\n      <td>-0.310919</td>\n      <td>0.604533</td>\n      <td>0.001468</td>\n      <td>0.611441</td>\n      <td>-0.209847</td>\n      <td>0.458349</td>\n      <td>-0.494588</td>\n      <td>1.000000</td>\n      <td>0.910228</td>\n      <td>0.464741</td>\n      <td>-0.444413</td>\n      <td>0.479541</td>\n      <td>-0.381626</td>\n    </tr>\n    <tr>\n      <th>TAX</th>\n      <td>0.580595</td>\n      <td>-0.312371</td>\n      <td>0.731055</td>\n      <td>-0.032304</td>\n      <td>0.668023</td>\n      <td>-0.292048</td>\n      <td>0.509114</td>\n      <td>-0.534432</td>\n      <td>0.910228</td>\n      <td>1.000000</td>\n      <td>0.460853</td>\n      <td>-0.441808</td>\n      <td>0.536110</td>\n      <td>-0.468536</td>\n    </tr>\n    <tr>\n      <th>PTRATIO</th>\n      <td>0.281110</td>\n      <td>-0.414046</td>\n      <td>0.390954</td>\n      <td>-0.111304</td>\n      <td>0.188933</td>\n      <td>-0.355501</td>\n      <td>0.269226</td>\n      <td>-0.232471</td>\n      <td>0.464741</td>\n      <td>0.460853</td>\n      <td>1.000000</td>\n      <td>-0.177383</td>\n      <td>0.375966</td>\n      <td>-0.507787</td>\n    </tr>\n    <tr>\n      <th>B</th>\n      <td>-0.381411</td>\n      <td>0.171303</td>\n      <td>-0.360532</td>\n      <td>0.051264</td>\n      <td>-0.380051</td>\n      <td>0.128069</td>\n      <td>-0.275303</td>\n      <td>0.291512</td>\n      <td>-0.444413</td>\n      <td>-0.441808</td>\n      <td>-0.177383</td>\n      <td>1.000000</td>\n      <td>-0.369889</td>\n      <td>0.333461</td>\n    </tr>\n    <tr>\n      <th>LSTAT</th>\n      <td>0.444943</td>\n      <td>-0.414193</td>\n      <td>0.590690</td>\n      <td>-0.047424</td>\n      <td>0.582641</td>\n      <td>-0.614339</td>\n      <td>0.602891</td>\n      <td>-0.493328</td>\n      <td>0.479541</td>\n      <td>0.536110</td>\n      <td>0.375966</td>\n      <td>-0.369889</td>\n      <td>1.000000</td>\n      <td>-0.735822</td>\n    </tr>\n    <tr>\n      <th>MEDV</th>\n      <td>-0.391363</td>\n      <td>0.373136</td>\n      <td>-0.481772</td>\n      <td>0.181391</td>\n      <td>-0.427321</td>\n      <td>0.695360</td>\n      <td>-0.394656</td>\n      <td>0.249929</td>\n      <td>-0.381626</td>\n      <td>-0.468536</td>\n      <td>-0.507787</td>\n      <td>0.333461</td>\n      <td>-0.735822</td>\n      <td>1.000000</td>\n    </tr>\n  </tbody>\n</table>\n</div>"
     },
     "execution_count": 7,
     "metadata": {},
     "output_type": "execute_result"
    }
   ],
   "source": [
    "from matplotlib import pyplot as plt\n",
    "\n",
    "cor_data = data[:].corr()\n",
    "cor_data"
   ]
  },
  {
   "cell_type": "code",
   "execution_count": 8,
   "metadata": {
    "ExecuteTime": {
     "end_time": "2025-06-06T03:29:22.531663800Z",
     "start_time": "2025-06-06T03:29:22.317796900Z"
    }
   },
   "outputs": [
    {
     "data": {
      "text/plain": "<Figure size 700x600 with 2 Axes>",
