{
 "cells": [
  {
   "cell_type": "markdown",
   "source": [],
   "metadata": {
    "collapsed": false
   }
  },
  {
   "cell_type": "code",
   "execution_count": 48,
   "metadata": {
    "ExecuteTime": {
     "end_time": "2025-02-19T06:30:02.749231200Z",
     "start_time": "2025-02-19T06:30:02.704449200Z"
    }
   },
   "outputs": [],
   "source": [
    "import pandas as pd"
   ]
  },
  {
   "cell_type": "code",
   "execution_count": 49,
   "metadata": {
    "ExecuteTime": {
     "end_time": "2025-02-19T06:30:02.750232400Z",
     "start_time": "2025-02-19T06:30:02.707778400Z"
    }
   },
   "outputs": [
    {
     "data": {
      "text/plain": "        CRIM  ZN  INDUS  CHAS    NOX     RM   AGE     DIS  RAD  TAX  PTRATIO  \\\n0       CRIM  ZN  INDUS  CHAS    NOX     RM   AGE     DIS  RAD  TAX  PTRATIO   \n1    0.00632  18   2.31     0  0.538  6.575  65.2    4.09    1  296     15.3   \n2    0.02731   0   7.07     0  0.469  6.421  78.9  4.9671    2  242     17.8   \n3    0.02729   0   7.07     0  0.469  7.185  61.1  4.9671    2  242     17.8   \n4    0.03237   0   2.18     0  0.458  6.998  45.8  6.0622    3  222     18.7   \n..       ...  ..    ...   ...    ...    ...   ...     ...  ...  ...      ...   \n502  0.06263   0  11.93     0  0.573  6.593  69.1  2.4786    1  273       21   \n503  0.04527   0  11.93     0  0.573   6.12  76.7  2.2875    1  273       21   \n504  0.06076   0  11.93     0  0.573  6.976    91  2.1675    1  273       21   \n505  0.10959   0  11.93     0  0.573  6.794  89.3  2.3889    1  273       21   \n506  0.04741   0  11.93     0  0.573   6.03   NaN   2.505    1  273       21   \n\n          B  LSTAT  MEDV  \n0         B  LSTAT  MEDV  \n1     396.9   4.98    24  \n2     396.9   9.14  21.6  \n3    392.83   4.03  34.7  \n4    394.63   2.94  33.4  \n..      ...    ...   ...  \n502  391.99    NaN  22.4  \n503   396.9   9.08  20.6  \n504   396.9   5.64  23.9  \n505  393.45   6.48    22  \n506   396.9   7.88  11.9  \n\n[507 rows x 14 columns]",
      "text/html": "<div>\n<style scoped>\n    .dataframe tbody tr th:only-of-type {\n        vertical-align: middle;\n    }\n\n    .dataframe tbody tr th {\n        vertical-align: top;\n    }\n\n    .dataframe thead th {\n        text-align: right;\n    }\n</style>\n<table border=\"1\" class=\"dataframe\">\n  <thead>\n    <tr style=\"text-align: right;\">\n      <th></th>\n      <th>CRIM</th>\n      <th>ZN</th>\n      <th>INDUS</th>\n      <th>CHAS</th>\n      <th>NOX</th>\n      <th>RM</th>\n      <th>AGE</th>\n      <th>DIS</th>\n      <th>RAD</th>\n      <th>TAX</th>\n      <th>PTRATIO</th>\n      <th>B</th>\n      <th>LSTAT</th>\n      <th>MEDV</th>\n    </tr>\n  </thead>\n  <tbody>\n    <tr>\n      <th>0</th>\n      <td>CRIM</td>\n      <td>ZN</td>\n      <td>INDUS</td>\n      <td>CHAS</td>\n      <td>NOX</td>\n      <td>RM</td>\n      <td>AGE</td>\n      <td>DIS</td>\n      <td>RAD</td>\n      <td>TAX</td>\n      <td>PTRATIO</td>\n      <td>B</td>\n      <td>LSTAT</td>\n      <td>MEDV</td>\n    </tr>\n    <tr>\n      <th>1</th>\n      <td>0.00632</td>\n      <td>18</td>\n      <td>2.31</td>\n      <td>0</td>\n      <td>0.538</td>\n      <td>6.575</td>\n      <td>65.2</td>\n      <td>4.09</td>\n      <td>1</td>\n      <td>296</td>\n      <td>15.3</td>\n      <td>396.9</td>\n      <td>4.98</td>\n      <td>24</td>\n    </tr>\n    <tr>\n      <th>2</th>\n      <td>0.02731</td>\n      <td>0</td>\n      <td>7.07</td>\n      <td>0</td>\n      <td>0.469</td>\n      <td>6.421</td>\n      <td>78.9</td>\n      <td>4.9671</td>\n      <td>2</td>\n      <td>242</td>\n      <td>17.8</td>\n      <td>396.9</td>\n      <td>9.14</td>\n      <td>21.6</td>\n    </tr>\n    <tr>\n      <th>3</th>\n      <td>0.02729</td>\n      <td>0</td>\n      <td>7.07</td>\n      <td>0</td>\n      <td>0.469</td>\n      <td>7.185</td>\n      <td>61.1</td>\n      <td>4.9671</td>\n      <td>2</td>\n      <td>242</td>\n      <td>17.8</td>\n      <td>392.83</td>\n      <td>4.03</td>\n      <td>34.7</td>\n    </tr>\n    <tr>\n      <th>4</th>\n      <td>0.03237</td>\n      <td>0</td>\n      <td>2.18</td>\n      <td>0</td>\n      <td>0.458</td>\n      <td>6.998</td>\n      <td>45.8</td>\n      <td>6.0622</td>\n      <td>3</td>\n      <td>222</td>\n      <td>18.7</td>\n      <td>394.63</td>\n      <td>2.94</td>\n      <td>33.4</td>\n    </tr>\n    <tr>\n      <th>...</th>\n      <td>...</td>\n      <td>...</td>\n      <td>...</td>\n      <td>...</td>\n      <td>...</td>\n      <td>...</td>\n      <td>...</td>\n      <td>...</td>\n      <td>...</td>\n      <td>...</td>\n      <td>...</td>\n      <td>...</td>\n      <td>...</td>\n      <td>...</td>\n    </tr>\n    <tr>\n      <th>502</th>\n      <td>0.06263</td>\n      <td>0</td>\n      <td>11.93</td>\n      <td>0</td>\n      <td>0.573</td>\n      <td>6.593</td>\n      <td>69.1</td>\n      <td>2.4786</td>\n      <td>1</td>\n      <td>273</td>\n      <td>21</td>\n      <td>391.99</td>\n      <td>NaN</td>\n      <td>22.4</td>\n    </tr>\n    <tr>\n      <th>503</th>\n      <td>0.04527</td>\n      <td>0</td>\n      <td>11.93</td>\n      <td>0</td>\n      <td>0.573</td>\n      <td>6.12</td>\n      <td>76.7</td>\n      <td>2.2875</td>\n      <td>1</td>\n      <td>273</td>\n      <td>21</td>\n      <td>396.9</td>\n      <td>9.08</td>\n      <td>20.6</td>\n    </tr>\n    <tr>\n      <th>504</th>\n      <td>0.06076</td>\n      <td>0</td>\n      <td>11.93</td>\n      <td>0</td>\n      <td>0.573</td>\n      <td>6.976</td>\n      <td>91</td>\n      <td>2.1675</td>\n      <td>1</td>\n      <td>273</td>\n      <td>21</td>\n      <td>396.9</td>\n      <td>5.64</td>\n      <td>23.9</td>\n    </tr>\n    <tr>\n      <th>505</th>\n      <td>0.10959</td>\n      <td>0</td>\n      <td>11.93</td>\n      <td>0</td>\n      <td>0.573</td>\n      <td>6.794</td>\n      <td>89.3</td>\n      <td>2.3889</td>\n      <td>1</td>\n      <td>273</td>\n      <td>21</td>\n      <td>393.45</td>\n      <td>6.48</td>\n      <td>22</td>\n    </tr>\n    <tr>\n      <th>506</th>\n      <td>0.04741</td>\n      <td>0</td>\n      <td>11.93</td>\n      <td>0</td>\n      <td>0.573</td>\n      <td>6.03</td>\n      <td>NaN</td>\n      <td>2.505</td>\n      <td>1</td>\n      <td>273</td>\n      <td>21</td>\n      <td>396.9</td>\n      <td>7.88</td>\n      <td>11.9</td>\n    </tr>\n  </tbody>\n</table>\n<p>507 rows × 14 columns</p>\n</div>"
     },
     "execution_count": 49,
     "metadata": {},
     "output_type": "execute_result"
    }
   ],
   "source": [
    "column_names = ['CRIM', 'ZN', 'INDUS', 'CHAS', 'NOX', 'RM', 'AGE', 'DIS', 'RAD', 'TAX', 'PTRATIO', 'B', 'LSTAT', 'MEDV']\n",
    "data = pd.read_csv('housingData.csv',sep=\",\", names = column_names) #sep表示以什么分割，\\s+ 意思就是至少有一个空白字符存在\n",
    "data"
   ]
  },
  {
   "cell_type": "code",
   "execution_count": 50,
   "metadata": {
    "ExecuteTime": {
     "end_time": "2025-02-19T06:30:02.780291600Z",
     "start_time": "2025-02-19T06:30:02.718798600Z"
    }
   },
   "outputs": [
    {
     "data": {
      "text/plain": "       CRIM    ZN  INDUS  CHAS    NOX     RM   AGE     DIS  RAD  TAX  PTRATIO  \\\n0      CRIM    ZN  INDUS  CHAS    NOX     RM   AGE     DIS  RAD  TAX  PTRATIO   \n1   0.00632    18   2.31     0  0.538  6.575  65.2    4.09    1  296     15.3   \n2   0.02731     0   7.07     0  0.469  6.421  78.9  4.9671    2  242     17.8   \n3   0.02729     0   7.07     0  0.469  7.185  61.1  4.9671    2  242     17.8   \n4   0.03237     0   2.18     0  0.458  6.998  45.8  6.0622    3  222     18.7   \n5   0.06905     0   2.18     0  0.458  7.147  54.2  6.0622    3  222     18.7   \n6   0.02985     0   2.18     0  0.458   6.43  58.7  6.0622    3  222     18.7   \n7   0.08829  12.5   7.87   NaN  0.524  6.012  66.6  5.5605    5  311     15.2   \n8   0.14455  12.5   7.87     0  0.524  6.172  96.1  5.9505    5  311     15.2   \n9   0.21124  12.5   7.87     0  0.524  5.631   100  6.0821    5  311     15.2   \n10  0.17004  12.5   7.87   NaN  0.524  6.004  85.9  6.5921    5  311     15.2   \n11  0.22489  12.5   7.87     0  0.524  6.377  94.3  6.3467    5  311     15.2   \n12  0.11747  12.5   7.87     0  0.524  6.009  82.9  6.2267    5  311     15.2   \n13  0.09378  12.5   7.87     0  0.524  5.889    39  5.4509    5  311     15.2   \n14  0.62976     0   8.14     0  0.538  5.949  61.8  4.7075    4  307       21   \n15  0.63796     0   8.14   NaN  0.538  6.096  84.5  4.4619    4  307       21   \n16  0.62739     0   8.14     0  0.538  5.834  56.5  4.4986    4  307       21   \n17  1.05393     0   8.14     0  0.538  5.935  29.3  4.4986    4  307       21   \n18   0.7842     0   8.14     0  0.538   5.99  81.7  4.2579    4  307       21   \n19  0.80271     0   8.14     0  0.538  5.456  36.6  3.7965    4  307       21   \n20   0.7258     0   8.14     0  0.538  5.727  69.5  3.7965    4  307       21   \n21  1.25179     0   8.14     0  0.538   5.57  98.1  3.7979    4  307       21   \n22  0.85204     0   8.14     0  0.538  5.965  89.2  4.0123    4  307       21   \n23  1.23247     0   8.14     0  0.538  6.142  91.7  3.9769    4  307       21   \n24  0.98843     0   8.14     0  0.538  5.813   100  4.0952    4  307       21   \n\n         B  LSTAT  MEDV  \n0        B  LSTAT  MEDV  \n1    396.9   4.98    24  \n2    396.9   9.14  21.6  \n3   392.83   4.03  34.7  \n4   394.63   2.94  33.4  \n5    396.9    NaN  36.2  \n6   394.12   5.21  28.7  \n7    395.6  12.43  22.9  \n8    396.9  19.15  27.1  \n9   386.63  29.93  16.5  \n10  386.71   17.1  18.9  \n11  392.52  20.45    15  \n12   396.9  13.27  18.9  \n13   390.5  15.71  21.7  \n14   396.9   8.26  20.4  \n15  380.02  10.26  18.2  \n16  395.62   8.47  19.9  \n17  386.85   6.58  23.1  \n18  386.75  14.67  17.5  \n19  288.99  11.69  20.2  \n20  390.95  11.28  18.2  \n21  376.57  21.02  13.6  \n22  392.53  13.83  19.6  \n23   396.9  18.72  15.2  \n24  394.54  19.88  14.5  ",
      "text/html": "<div>\n<style scoped>\n    .dataframe tbody tr th:only-of-type {\n        vertical-align: middle;\n    }\n\n    .dataframe tbody tr th {\n        vertical-align: top;\n    }\n\n    .dataframe thead th {\n        text-align: right;\n    }\n</style>\n<table border=\"1\" class=\"dataframe\">\n  <thead>\n    <tr style=\"text-align: right;\">\n      <th></th>\n      <th>CRIM</th>\n      <th>ZN</th>\n      <th>INDUS</th>\n      <th>CHAS</th>\n      <th>NOX</th>\n      <th>RM</th>\n      <th>AGE</th>\n      <th>DIS</th>\n      <th>RAD</th>\n      <th>TAX</th>\n      <th>PTRATIO</th>\n      <th>B</th>\n      <th>LSTAT</th>\n      <th>MEDV</th>\n    </tr>\n  </thead>\n  <tbody>\n    <tr>\n      <th>0</th>\n      <td>CRIM</td>\n      <td>ZN</td>\n      <td>INDUS</td>\n      <td>CHAS</td>\n      <td>NOX</td>\n      <td>RM</td>\n      <td>AGE</td>\n      <td>DIS</td>\n      <td>RAD</td>\n      <td>TAX</td>\n      <td>PTRATIO</td>\n      <td>B</td>\n      <td>LSTAT</td>\n      <td>MEDV</td>\n    </tr>\n    <tr>\n      <th>1</th>\n      <td>0.00632</td>\n      <td>18</td>\n      <td>2.31</td>\n      <td>0</td>\n      <td>0.538</td>\n      <td>6.575</td>\n      <td>65.2</td>\n      <td>4.09</td>\n      <td>1</td>\n      <td>296</td>\n      <td>15.3</td>\n      <td>396.9</td>\n      <td>4.98</td>\n      <td>24</td>\n    </tr>\n    <tr>\n      <th>2</th>\n      <td>0.02731</td>\n      <td>0</td>\n      <td>7.07</td>\n      <td>0</td>\n      <td>0.469</td>\n      <td>6.421</td>\n      <td>78.9</td>\n      <td>4.9671</td>\n      <td>2</td>\n      <td>242</td>\n      <td>17.8</td>\n      <td>396.9</td>\n      <td>9.14</td>\n      <td>21.6</td>\n    </tr>\n    <tr>\n      <th>3</th>\n      <td>0.02729</td>\n      <td>0</td>\n      <td>7.07</td>\n      <td>0</td>\n      <td>0.469</td>\n      <td>7.185</td>\n      <td>61.1</td>\n      <td>4.9671</td>\n      <td>2</td>\n      <td>242</td>\n      <td>17.8</td>\n      <td>392.83</td>\n      <td>4.03</td>\n      <td>34.7</td>\n    </tr>\n    <tr>\n      <th>4</th>\n      <td>0.03237</td>\n      <td>0</td>\n      <td>2.18</td>\n      <td>0</td>\n      <td>0.458</td>\n      <td>6.998</td>\n      <td>45.8</td>\n      <td>6.0622</td>\n      <td>3</td>\n      <td>222</td>\n      <td>18.7</td>\n      <td>394.63</td>\n      <td>2.94</td>\n      <td>33.4</td>\n    </tr>\n    <tr>\n      <th>5</th>\n      <td>0.06905</td>\n      <td>0</td>\n      <td>2.18</td>\n      <td>0</td>\n      <td>0.458</td>\n      <td>7.147</td>\n      <td>54.2</td>\n      <td>6.0622</td>\n      <td>3</td>\n      <td>222</td>\n      <td>18.7</td>\n      <td>396.9</td>\n      <td>NaN</td>\n      <td>36.2</td>\n    </tr>\n    <tr>\n      <th>6</th>\n      <td>0.02985</td>\n      <td>0</td>\n      <td>2.18</td>\n      <td>0</td>\n      <td>0.458</td>\n      <td>6.43</td>\n      <td>58.7</td>\n      <td>6.0622</td>\n      <td>3</td>\n      <td>222</td>\n      <td>18.7</td>\n      <td>394.12</td>\n      <td>5.21</td>\n      <td>28.7</td>\n    </tr>\n    <tr>\n      <th>7</th>\n      <td>0.08829</td>\n      <td>12.5</td>\n      <td>7.87</td>\n      <td>NaN</td>\n      <td>0.524</td>\n      <td>6.012</td>\n      <td>66.6</td>\n      <td>5.5605</td>\n      <td>5</td>\n      <td>311</td>\n      <td>15.2</td>\n      <td>395.6</td>\n      <td>12.43</td>\n      <td>22.9</td>\n    </tr>\n    <tr>\n      <th>8</th>\n      <td>0.14455</td>\n      <td>12.5</td>\n      <td>7.87</td>\n      <td>0</td>\n      <td>0.524</td>\n      <td>6.172</td>\n      <td>96.1</td>\n      <td>5.9505</td>\n      <td>5</td>\n      <td>311</td>\n      <td>15.2</td>\n      <td>396.9</td>\n      <td>19.15</td>\n      <td>27.1</td>\n    </tr>\n    <tr>\n      <th>9</th>\n      <td>0.21124</td>\n      <td>12.5</td>\n      <td>7.87</td>\n      <td>0</td>\n      <td>0.524</td>\n      <td>5.631</td>\n      <td>100</td>\n      <td>6.0821</td>\n      <td>5</td>\n      <td>311</td>\n      <td>15.2</td>\n      <td>386.63</td>\n      <td>29.93</td>\n      <td>16.5</td>\n    </tr>\n    <tr>\n      <th>10</th>\n      <td>0.17004</td>\n      <td>12.5</td>\n      <td>7.87</td>\n      <td>NaN</td>\n      <td>0.524</td>\n      <td>6.004</td>\n      <td>85.9</td>\n      <td>6.5921</td>\n      <td>5</td>\n      <td>311</td>\n      <td>15.2</td>\n      <td>386.71</td>\n      <td>17.1</td>\n      <td>18.9</td>\n    </tr>\n    <tr>\n      <th>11</th>\n      <td>0.22489</td>\n      <td>12.5</td>\n      <td>7.87</td>\n      <td>0</td>\n      <td>0.524</td>\n      <td>6.377</td>\n      <td>94.3</td>\n      <td>6.3467</td>\n      <td>5</td>\n      <td>311</td>\n      <td>15.2</td>\n      <td>392.52</td>\n      <td>20.45</td>\n      <td>15</td>\n    </tr>\n    <tr>\n      <th>12</th>\n      <td>0.11747</td>\n      <td>12.5</td>\n      <td>7.87</td>\n      <td>0</td>\n      <td>0.524</td>\n      <td>6.009</td>\n      <td>82.9</td>\n      <td>6.2267</td>\n      <td>5</td>\n      <td>311</td>\n      <td>15.2</td>\n      <td>396.9</td>\n      <td>13.27</td>\n      <td>18.9</td>\n    </tr>\n    <tr>\n      <th>13</th>\n      <td>0.09378</td>\n      <td>12.5</td>\n      <td>7.87</td>\n      <td>0</td>\n      <td>0.524</td>\n      <td>5.889</td>\n      <td>39</td>\n      <td>5.4509</td>\n      <td>5</td>\n      <td>311</td>\n      <td>15.2</td>\n      <td>390.5</td>\n      <td>15.71</td>\n      <td>21.7</td>\n    </tr>\n    <tr>\n      <th>14</th>\n      <td>0.62976</td>\n      <td>0</td>\n      <td>8.14</td>\n      <td>0</td>\n      <td>0.538</td>\n      <td>5.949</td>\n      <td>61.8</td>\n      <td>4.7075</td>\n      <td>4</td>\n      <td>307</td>\n      <td>21</td>\n      <td>396.9</td>\n      <td>8.26</td>\n      <td>20.4</td>\n    </tr>\n    <tr>\n      <th>15</th>\n      <td>0.63796</td>\n      <td>0</td>\n      <td>8.14</td>\n      <td>NaN</td>\n      <td>0.538</td>\n      <td>6.096</td>\n      <td>84.5</td>\n      <td>4.4619</td>\n      <td>4</td>\n      <td>307</td>\n      <td>21</td>\n      <td>380.02</td>\n      <td>10.26</td>\n      <td>18.2</td>\n    </tr>\n    <tr>\n      <th>16</th>\n      <td>0.62739</td>\n      <td>0</td>\n      <td>8.14</td>\n      <td>0</td>\n      <td>0.538</td>\n      <td>5.834</td>\n      <td>56.5</td>\n      <td>4.4986</td>\n      <td>4</td>\n      <td>307</td>\n      <td>21</td>\n      <td>395.62</td>\n      <td>8.47</td>\n      <td>19.9</td>\n    </tr>\n    <tr>\n      <th>17</th>\n      <td>1.05393</td>\n      <td>0</td>\n      <td>8.14</td>\n      <td>0</td>\n      <td>0.538</td>\n      <td>5.935</td>\n      <td>29.3</td>\n      <td>4.4986</td>\n      <td>4</td>\n      <td>307</td>\n      <td>21</td>\n      <td>386.85</td>\n      <td>6.58</td>\n      <td>23.1</td>\n    </tr>\n    <tr>\n      <th>18</th>\n      <td>0.7842</td>\n      <td>0</td>\n      <td>8.14</td>\n      <td>0</td>\n      <td>0.538</td>\n      <td>5.99</td>\n      <td>81.7</td>\n      <td>4.2579</td>\n      <td>4</td>\n      <td>307</td>\n      <td>21</td>\n      <td>386.75</td>\n      <td>14.67</td>\n      <td>17.5</td>\n    </tr>\n    <tr>\n      <th>19</th>\n      <td>0.80271</td>\n      <td>0</td>\n      <td>8.14</td>\n      <td>0</td>\n      <td>0.538</td>\n      <td>5.456</td>\n      <td>36.6</td>\n      <td>3.7965</td>\n      <td>4</td>\n      <td>307</td>\n      <td>21</td>\n      <td>288.99</td>\n      <td>11.69</td>\n      <td>20.2</td>\n    </tr>\n    <tr>\n      <th>20</th>\n      <td>0.7258</td>\n      <td>0</td>\n      <td>8.14</td>\n      <td>0</td>\n      <td>0.538</td>\n      <td>5.727</td>\n      <td>69.5</td>\n      <td>3.7965</td>\n      <td>4</td>\n      <td>307</td>\n      <td>21</td>\n      <td>390.95</td>\n      <td>11.28</td>\n      <td>18.2</td>\n    </tr>\n    <tr>\n      <th>21</th>\n      <td>1.25179</td>\n      <td>0</td>\n      <td>8.14</td>\n      <td>0</td>\n      <td>0.538</td>\n      <td>5.57</td>\n      <td>98.1</td>\n      <td>3.7979</td>\n      <td>4</td>\n      <td>307</td>\n      <td>21</td>\n      <td>376.57</td>\n      <td>21.02</td>\n      <td>13.6</td>\n    </tr>\n    <tr>\n      <th>22</th>\n      <td>0.85204</td>\n      <td>0</td>\n      <td>8.14</td>\n      <td>0</td>\n      <td>0.538</td>\n      <td>5.965</td>\n      <td>89.2</td>\n      <td>4.0123</td>\n      <td>4</td>\n      <td>307</td>\n      <td>21</td>\n      <td>392.53</td>\n      <td>13.83</td>\n      <td>19.6</td>\n    </tr>\n    <tr>\n      <th>23</th>\n      <td>1.23247</td>\n      <td>0</td>\n      <td>8.14</td>\n      <td>0</td>\n      <td>0.538</td>\n      <td>6.142</td>\n      <td>91.7</td>\n      <td>3.9769</td>\n      <td>4</td>\n      <td>307</td>\n      <td>21</td>\n      <td>396.9</td>\n      <td>18.72</td>\n      <td>15.2</td>\n    </tr>\n    <tr>\n      <th>24</th>\n      <td>0.98843</td>\n      <td>0</td>\n      <td>8.14</td>\n      <td>0</td>\n      <td>0.538</td>\n      <td>5.813</td>\n      <td>100</td>\n      <td>4.0952</td>\n      <td>4</td>\n      <td>307</td>\n      <td>21</td>\n      <td>394.54</td>\n      <td>19.88</td>\n      <td>14.5</td>\n    </tr>\n  </tbody>\n</table>\n</div>"
     },
     "execution_count": 50,
     "metadata": {},
     "output_type": "execute_result"
    }
   ],
   "source": [
    "data[:25]"
   ]
  },
  {
   "cell_type": "code",
   "execution_count": 51,
   "metadata": {
    "ExecuteTime": {
     "end_time": "2025-02-19T06:30:02.781672700Z",
     "start_time": "2025-02-19T06:30:02.728437600Z"
    }
   },
   "outputs": [
    {
     "data": {
      "text/plain": "           CRIM   ZN INDUS CHAS    NOX     RM  AGE     DIS  RAD  TAX PTRATIO  \\\ncount       487  487   487  487    507    507  487     507  507  507     507   \nunique      485   27    77    3     82    447  349     413   10   67      47   \ntop     14.3337    0  18.1    0  0.538  6.417  100  3.4952   24  666    20.2   \nfreq          2  360   127  452     23      3   42       5  132  132     140   \n\n            B LSTAT MEDV  \ncount     507   487  507  \nunique    358   439  230  \ntop     396.9  7.79   50  \nfreq      121     3   16  ",
      "text/html": "<div>\n<style scoped>\n    .dataframe tbody tr th:only-of-type {\n        vertical-align: middle;\n    }\n\n    .dataframe tbody tr th {\n        vertical-align: top;\n    }\n\n    .dataframe thead th {\n        text-align: right;\n    }\n</style>\n<table border=\"1\" class=\"dataframe\">\n  <thead>\n    <tr style=\"text-align: right;\">\n      <th></th>\n      <th>CRIM</th>\n      <th>ZN</th>\n      <th>INDUS</th>\n      <th>CHAS</th>\n      <th>NOX</th>\n      <th>RM</th>\n      <th>AGE</th>\n      <th>DIS</th>\n      <th>RAD</th>\n      <th>TAX</th>\n      <th>PTRATIO</th>\n      <th>B</th>\n      <th>LSTAT</th>\n      <th>MEDV</th>\n    </tr>\n  </thead>\n  <tbody>\n    <tr>\n      <th>count</th>\n      <td>487</td>\n      <td>487</td>\n      <td>487</td>\n      <td>487</td>\n      <td>507</td>\n      <td>507</td>\n      <td>487</td>\n      <td>507</td>\n      <td>507</td>\n      <td>507</td>\n      <td>507</td>\n      <td>507</td>\n      <td>487</td>\n      <td>507</td>\n    </tr>\n    <tr>\n      <th>unique</th>\n      <td>485</td>\n      <td>27</td>\n      <td>77</td>\n      <td>3</td>\n      <td>82</td>\n      <td>447</td>\n      <td>349</td>\n      <td>413</td>\n      <td>10</td>\n      <td>67</td>\n      <td>47</td>\n      <td>358</td>\n      <td>439</td>\n      <td>230</td>\n    </tr>\n    <tr>\n      <th>top</th>\n      <td>14.3337</td>\n      <td>0</td>\n      <td>18.1</td>\n      <td>0</td>\n      <td>0.538</td>\n      <td>6.417</td>\n      <td>100</td>\n      <td>3.4952</td>\n      <td>24</td>\n      <td>666</td>\n      <td>20.2</td>\n      <td>396.9</td>\n      <td>7.79</td>\n      <td>50</td>\n    </tr>\n    <tr>\n      <th>freq</th>\n      <td>2</td>\n      <td>360</td>\n      <td>127</td>\n      <td>452</td>\n      <td>23</td>\n      <td>3</td>\n      <td>42</td>\n      <td>5</td>\n      <td>132</td>\n      <td>132</td>\n      <td>140</td>\n      <td>121</td>\n      <td>3</td>\n      <td>16</td>\n    </tr>\n  </tbody>\n</table>\n</div>"
     },
     "execution_count": 51,
     "metadata": {},
     "output_type": "execute_result"
    }
   ],
   "source": [
    "data.describe()"
   ]
  },
  {
   "cell_type": "code",
   "execution_count": 52,
   "outputs": [],
   "source": [
    "\n",
    "data = data.apply(pd.to_numeric, errors='coerce')"
   ],
   "metadata": {
    "collapsed": false,
    "ExecuteTime": {
     "end_time": "2025-02-19T06:30:02.781672700Z",
     "start_time": "2025-02-19T06:30:02.744122900Z"
    }
   }
  },
  {
   "cell_type": "code",
   "execution_count": 53,
   "metadata": {
    "ExecuteTime": {
     "end_time": "2025-02-19T06:30:02.782671100Z",
     "start_time": "2025-02-19T06:30:02.750232400Z"
    }
   },
   "outputs": [
    {
     "name": "stdout",
     "output_type": "stream",
     "text": [
      "房价最大值: 50.0\n",
      "房价最低值: 5.0\n",
      "房价平均值: 22.53280632411067\n"
     ]
    }
   ],
   "source": [
    "print(\"房价最大值:\",data['MEDV'].max())\n",
    "print(\"房价最低值:\",data['MEDV'].min())\n",
    "print(\"房价平均值:\",data['MEDV'].mean())"
   ]
  },
  {
   "cell_type": "code",
   "execution_count": 54,
   "metadata": {
    "ExecuteTime": {
     "end_time": "2025-02-19T06:30:02.803663400Z",
     "start_time": "2025-02-19T06:30:02.755747400Z"
    }
   },
   "outputs": [
    {
     "data": {
      "text/plain": "             CRIM        ZN     INDUS      CHAS       NOX        RM       AGE  \\\nCRIM     1.000000 -0.191178  0.401863 -0.054355  0.417130 -0.219150  0.354342   \nZN      -0.191178  1.000000 -0.531871 -0.037229 -0.513704  0.320800 -0.563801   \nINDUS    0.401863 -0.531871  1.000000  0.059859  0.764866 -0.390234  0.638431   \nCHAS    -0.054355 -0.037229  0.059859  1.000000  0.075097  0.104885  0.078831   \nNOX      0.417130 -0.513704  0.764866  0.075097  1.000000 -0.302188  0.731548   \nRM      -0.219150  0.320800 -0.390234  0.104885 -0.302188  1.000000 -0.247337   \nAGE      0.354342 -0.563801  0.638431  0.078831  0.731548 -0.247337  1.000000   \nDIS     -0.374166  0.656739 -0.711709 -0.093971 -0.769230  0.205246 -0.744844   \nRAD      0.624765 -0.310919  0.604533  0.001468  0.611441 -0.209847  0.458349   \nTAX      0.580595 -0.312371  0.731055 -0.032304  0.668023 -0.292048  0.509114   \nPTRATIO  0.281110 -0.414046  0.390954 -0.111304  0.188933 -0.355501  0.269226   \nB       -0.381411  0.171303 -0.360532  0.051264 -0.380051  0.128069 -0.275303   \nLSTAT    0.444943 -0.414193  0.590690 -0.047424  0.582641 -0.614339  0.602891   \nMEDV    -0.391363  0.373136 -0.481772  0.181391 -0.427321  0.695360 -0.394656   \n\n              DIS       RAD       TAX   PTRATIO         B     LSTAT      MEDV  \nCRIM    -0.374166  0.624765  0.580595  0.281110 -0.381411  0.444943 -0.391363  \nZN       0.656739 -0.310919 -0.312371 -0.414046  0.171303 -0.414193  0.373136  \nINDUS   -0.711709  0.604533  0.731055  0.390954 -0.360532  0.590690 -0.481772  \nCHAS    -0.093971  0.001468 -0.032304 -0.111304  0.051264 -0.047424  0.181391  \nNOX     -0.769230  0.611441  0.668023  0.188933 -0.380051  0.582641 -0.427321  \nRM       0.205246 -0.209847 -0.292048 -0.355501  0.128069 -0.614339  0.695360  \nAGE     -0.744844  0.458349  0.509114  0.269226 -0.275303  0.602891 -0.394656  \nDIS      1.000000 -0.494588 -0.534432 -0.232471  0.291512 -0.493328  0.249929  \nRAD     -0.494588  1.000000  0.910228  0.464741 -0.444413  0.479541 -0.381626  \nTAX     -0.534432  0.910228  1.000000  0.460853 -0.441808  0.536110 -0.468536  \nPTRATIO -0.232471  0.464741  0.460853  1.000000 -0.177383  0.375966 -0.507787  \nB        0.291512 -0.444413 -0.441808 -0.177383  1.000000 -0.369889  0.333461  \nLSTAT   -0.493328  0.479541  0.536110  0.375966 -0.369889  1.000000 -0.735822  \nMEDV     0.249929 -0.381626 -0.468536 -0.507787  0.333461 -0.735822  1.000000  ",
      "text/html": "<div>\n<style scoped>\n    .dataframe tbody tr th:only-of-type {\n        vertical-align: middle;\n    }\n\n    .dataframe tbody tr th {\n        vertical-align: top;\n    }\n\n    .dataframe thead th {\n        text-align: right;\n    }\n</style>\n<table border=\"1\" class=\"dataframe\">\n  <thead>\n    <tr style=\"text-align: right;\">\n      <th></th>\n      <th>CRIM</th>\n      <th>ZN</th>\n      <th>INDUS</th>\n      <th>CHAS</th>\n      <th>NOX</th>\n      <th>RM</th>\n      <th>AGE</th>\n      <th>DIS</th>\n      <th>RAD</th>\n      <th>TAX</th>\n      <th>PTRATIO</th>\n      <th>B</th>\n      <th>LSTAT</th>\n      <th>MEDV</th>\n    </tr>\n  </thead>\n  <tbody>\n    <tr>\n      <th>CRIM</th>\n      <td>1.000000</td>\n      <td>-0.191178</td>\n      <td>0.401863</td>\n      <td>-0.054355</td>\n      <td>0.417130</td>\n      <td>-0.219150</td>\n      <td>0.354342</td>\n      <td>-0.374166</td>\n      <td>0.624765</td>\n      <td>0.580595</td>\n      <td>0.281110</td>\n      <td>-0.381411</td>\n      <td>0.444943</td>\n      <td>-0.391363</td>\n    </tr>\n    <tr>\n      <th>ZN</th>\n      <td>-0.191178</td>\n      <td>1.000000</td>\n      <td>-0.531871</td>\n      <td>-0.037229</td>\n      <td>-0.513704</td>\n      <td>0.320800</td>\n      <td>-0.563801</td>\n      <td>0.656739</td>\n      <td>-0.310919</td>\n      <td>-0.312371</td>\n      <td>-0.414046</td>\n      <td>0.171303</td>\n      <td>-0.414193</td>\n      <td>0.373136</td>\n    </tr>\n    <tr>\n      <th>INDUS</th>\n      <td>0.401863</td>\n      <td>-0.531871</td>\n      <td>1.000000</td>\n      <td>0.059859</td>\n      <td>0.764866</td>\n      <td>-0.390234</td>\n      <td>0.638431</td>\n      <td>-0.711709</td>\n      <td>0.604533</td>\n      <td>0.731055</td>\n      <td>0.390954</td>\n      <td>-0.360532</td>\n      <td>0.590690</td>\n      <td>-0.481772</td>\n    </tr>\n    <tr>\n      <th>CHAS</th>\n      <td>-0.054355</td>\n      <td>-0.037229</td>\n      <td>0.059859</td>\n      <td>1.000000</td>\n      <td>0.075097</td>\n      <td>0.104885</td>\n      <td>0.078831</td>\n      <td>-0.093971</td>\n      <td>0.001468</td>\n      <td>-0.032304</td>\n      <td>-0.111304</td>\n      <td>0.051264</td>\n      <td>-0.047424</td>\n      <td>0.181391</td>\n    </tr>\n    <tr>\n      <th>NOX</th>\n      <td>0.417130</td>\n      <td>-0.513704</td>\n      <td>0.764866</td>\n      <td>0.075097</td>\n      <td>1.000000</td>\n      <td>-0.302188</td>\n      <td>0.731548</td>\n      <td>-0.769230</td>\n      <td>0.611441</td>\n      <td>0.668023</td>\n      <td>0.188933</td>\n      <td>-0.380051</td>\n      <td>0.582641</td>\n      <td>-0.427321</td>\n    </tr>\n    <tr>\n      <th>RM</th>\n      <td>-0.219150</td>\n      <td>0.320800</td>\n      <td>-0.390234</td>\n      <td>0.104885</td>\n      <td>-0.302188</td>\n      <td>1.000000</td>\n      <td>-0.247337</td>\n      <td>0.205246</td>\n      <td>-0.209847</td>\n      <td>-0.292048</td>\n      <td>-0.355501</td>\n      <td>0.128069</td>\n      <td>-0.614339</td>\n      <td>0.695360</td>\n    </tr>\n    <tr>\n      <th>AGE</th>\n      <td>0.354342</td>\n      <td>-0.563801</td>\n      <td>0.638431</td>\n      <td>0.078831</td>\n      <td>0.731548</td>\n      <td>-0.247337</td>\n      <td>1.000000</td>\n      <td>-0.744844</td>\n      <td>0.458349</td>\n      <td>0.509114</td>\n      <td>0.269226</td>\n      <td>-0.275303</td>\n      <td>0.602891</td>\n      <td>-0.394656</td>\n    </tr>\n    <tr>\n      <th>DIS</th>\n      <td>-0.374166</td>\n      <td>0.656739</td>\n      <td>-0.711709</td>\n      <td>-0.093971</td>\n      <td>-0.769230</td>\n      <td>0.205246</td>\n      <td>-0.744844</td>\n      <td>1.000000</td>\n      <td>-0.494588</td>\n      <td>-0.534432</td>\n      <td>-0.232471</td>\n      <td>0.291512</td>\n      <td>-0.493328</td>\n      <td>0.249929</td>\n    </tr>\n    <tr>\n      <th>RAD</th>\n      <td>0.624765</td>\n      <td>-0.310919</td>\n      <td>0.604533</td>\n      <td>0.001468</td>\n      <td>0.611441</td>\n      <td>-0.209847</td>\n      <td>0.458349</td>\n      <td>-0.494588</td>\n      <td>1.000000</td>\n      <td>0.910228</td>\n      <td>0.464741</td>\n      <td>-0.444413</td>\n      <td>0.479541</td>\n      <td>-0.381626</td>\n    </tr>\n    <tr>\n      <th>TAX</th>\n      <td>0.580595</td>\n      <td>-0.312371</td>\n      <td>0.731055</td>\n      <td>-0.032304</td>\n      <td>0.668023</td>\n      <td>-0.292048</td>\n      <td>0.509114</td>\n      <td>-0.534432</td>\n      <td>0.910228</td>\n      <td>1.000000</td>\n      <td>0.460853</td>\n      <td>-0.441808</td>\n      <td>0.536110</td>\n      <td>-0.468536</td>\n    </tr>\n    <tr>\n      <th>PTRATIO</th>\n      <td>0.281110</td>\n      <td>-0.414046</td>\n      <td>0.390954</td>\n      <td>-0.111304</td>\n      <td>0.188933</td>\n      <td>-0.355501</td>\n      <td>0.269226</td>\n      <td>-0.232471</td>\n      <td>0.464741</td>\n      <td>0.460853</td>\n      <td>1.000000</td>\n      <td>-0.177383</td>\n      <td>0.375966</td>\n      <td>-0.507787</td>\n    </tr>\n    <tr>\n      <th>B</th>\n      <td>-0.381411</td>\n      <td>0.171303</td>\n      <td>-0.360532</td>\n      <td>0.051264</td>\n      <td>-0.380051</td>\n      <td>0.128069</td>\n      <td>-0.275303</td>\n      <td>0.291512</td>\n      <td>-0.444413</td>\n      <td>-0.441808</td>\n      <td>-0.177383</td>\n      <td>1.000000</td>\n      <td>-0.369889</td>\n      <td>0.333461</td>\n    </tr>\n    <tr>\n      <th>LSTAT</th>\n      <td>0.444943</td>\n      <td>-0.414193</td>\n      <td>0.590690</td>\n      <td>-0.047424</td>\n      <td>0.582641</td>\n      <td>-0.614339</td>\n      <td>0.602891</td>\n      <td>-0.493328</td>\n      <td>0.479541</td>\n      <td>0.536110</td>\n      <td>0.375966</td>\n      <td>-0.369889</td>\n      <td>1.000000</td>\n      <td>-0.735822</td>\n    </tr>\n    <tr>\n      <th>MEDV</th>\n      <td>-0.391363</td>\n      <td>0.373136</td>\n      <td>-0.481772</td>\n      <td>0.181391</td>\n      <td>-0.427321</td>\n      <td>0.695360</td>\n      <td>-0.394656</td>\n      <td>0.249929</td>\n      <td>-0.381626</td>\n      <td>-0.468536</td>\n      <td>-0.507787</td>\n      <td>0.333461</td>\n      <td>-0.735822</td>\n      <td>1.000000</td>\n    </tr>\n  </tbody>\n</table>\n</div>"
     },
     "execution_count": 54,
     "metadata": {},
     "output_type": "execute_result"
    }
   ],
   "source": [
    "from matplotlib import pyplot as plt\n",
    "\n",
    "cor_data = data[:].corr()\n",
    "cor_data"
   ]
  },
  {
   "cell_type": "code",
   "execution_count": 55,
   "metadata": {
    "ExecuteTime": {
     "end_time": "2025-02-19T06:30:03.004402900Z",
     "start_time": "2025-02-19T06:30:02.766292900Z"
    }
   },
   "outputs": [
    {
     "name": "stderr",
     "output_type": "stream",
     "text": [
      "C:\\Users\\Administrator\\PycharmProjects\\pythonProject\\venv\\Lib\\site-packages\\seaborn\\utils.py:61: UserWarning: Glyph 8722 (\\N{MINUS SIGN}) missing from font(s) SimHei.\n",
      "  fig.canvas.draw()\n",
      "C:\\Users\\Administrator\\PycharmProjects\\pythonProject\\venv\\Lib\\site-packages\\IPython\\core\\pylabtools.py:152: UserWarning: Glyph 8722 (\\N{MINUS SIGN}) missing from font(s) SimHei.\n",
      "  fig.canvas.print_figure(bytes_io, **kw)\n"
     ]
    },
    {
     "data": {
      "text/plain": "<Figure size 700x600 with 2 Axes>",
